KNAE55LC7J6028495 49,984.00 49984.00
5XYPK4A53KG448403 44,281.00 94265.00
5XYPK4A57KG499435 39,513.00 133778.00
KNAS34J62K6009872 60,514.00 194292.00
KNAS24J64K6010282 0.00 194292.00
3KPF24AD6KE011320 0.00 194292.00
3KPF34ADXKE012757 21,976.00 216268.00
3KPF34AD0KE012864 21,859.00 238127.00
KNAE25LA0J6017300 38,075.00 276202.00
KNAE55LC9J6020172 47,742.00 323944.00
3KPF34AD0KE022844 21,599.00 345543.00
3KPF24AD8KE026336 19,593.00 365136.00
KNAE55LC7J6028495 0.00 365136.00
3KPF54AD4KE033436 0.00 0.00
3KPF34AD7KE033999 20,692.00 20692.00
3KPF24AD2KE034531 0.00 20692.00
3KPF24AD1KE035038 18,222.00 38914.00
3KPF54AD8KE035349 0.00 38914.00
3KPF34AD6KE035954 22,097.00 61011.00
3KPF34AD8KE037494 20,965.00 81976.00
KNAE25LA6J6039382 38,465.00 120441.00
3KPF54AD6KE039481 22,746.00 143187.00
KNAE25LA5K6042601 38,460.00 181647.00
KNAE45LC0K6045272 44,633.00 226280.00
KNAE45LC9K6045383 44,638.00 270918.00
KNAE35LC0K6047509 38,465.00 309383.00
KNAE55LC4K6047569 49,289.00 358672.00
KNAE15LA8K6049500 35,205.00 393877.00
3KPF34AD4KE050419 22,005.00 22005.00
KNAE55LC3K6050950 0.00 22005.00
KNAE15LA0K6051113 35,666.00 57671.00
KNAE35LC5K6051250 0.00 57671.00
KNAE35LC0K6051253 38,900.00 96571.00
KNAE45LC1K6051405 44,171.00 140742.00
3KPF24AD6KE052420 19,866.00 160608.00
3KPF24AD8KE054430 19,593.00 180201.00
3KPF24AD2KE055248 19,593.00 199794.00
3KPF24AD9KE056235 19,774.00 219568.00
3KPF24AD6KE057021 19,774.00 239342.00
3KPF24AD7KE057030 19,774.00 259116.00
3KPF24ADXKE062660 19,104.00 278220.00
3KPF24AD5KE062842 18,222.00 296442.00
3KPF24AD9KE069860 19,593.00 19593.00
KNDCB3LC9J5176239 24,259.00 43852.00
3KPA25ABXKE179881 17,050.00 60902.00
3KPFL4A87JE191695 0.00 60902.00
KNDCE3LC6K5216009 32,469.00 93371.00
KNDCC3LC2K5223495 29,101.00 122472.00
KNDCC3LC1K5223519 29,101.00 151573.00
KNDCC3LC1K5226954 27,167.00 178740.00
5XXGT4L36JG229883 0.00 178740.00
3KPFL4A79JE231816 0.00 178740.00
5XXGU4L3XJG234372 25,854.00 204594.00
KNDCB3LC6K5236866 24,858.00 229452.00
KNDCB3LC0K5237303 24,858.00 254310.00
KNDCB3LC4K5239748 24,858.00 279168.00
5XXGU4L36JG244686 25,475.00 304643.00
5XXGT4L36JG245453 0.00 0.00
5XXGU4L30JG245820 0.00 0.00
5XXGU4L33JG245861 25,843.00 25843.00
5XXGU4L30JG246692 27,962.00 53805.00
5XXGU4L36JG246907 27,962.00 81767.00
5XXGU4L3XJG247140 27,595.00 109362.00
5XXGU4L36JG248494 25,475.00 134837.00
3KPFL4A76JE248606 0.00 134837.00
5XXGU4L30JG249723 25,475.00 160312.00
5XXGT4L37JG252122 23,366.00 183678.00
5XXGT4L3XJG254589 23,786.00 207464.00
5XXGU4L38JG259741 25,843.00 233307.00
5XXGT4L32JG260757 23,786.00 257093.00
5XXGT4L38JG262805 24,355.00 281448.00
5XXGU4L33JG263034 0.00 0.00
5XXGT4L39KG287228 0.00 0.00
5XXGT4L32KG290472 25,793.00 25793.00
5XXGT4L38KG290685 25,411.00 51204.00
5XXGT4L37KG291231 25,793.00 76997.00
5XXGT4L39KG292641 25,411.00 102408.00
5XXGT4L36KG292709 25,793.00 128201.00
5XXGT4L35KG293088 26,281.00 154482.00
5XXGT4L32KG293100 26,281.00 180763.00
5XXGT4L31KG293380 26,742.00 207505.00
5XXGT4L31KG294819 26,323.00 233828.00
5XXGT4L32KG294943 26,784.00 260612.00
5XXGT4L31KG300134 25,423.00 286035.00
5XXGT4L39KG300298 25,380.00 311415.00
5XXGT4L35KG305093 24,081.00 24081.00
5XXGV4L26KG307050 0.00 24081.00
5XXGT4L37KG314121 25,184.00 49265.00
5XXGW4L26KG314285 32,655.00 81920.00
5XXGU4L14KG314332 30,585.00 112505.00
5XXGT4L33KG314603 25,644.00 138149.00
5XXGU4L11KG315129 27,643.00 165792.00
5XXGW4L28KG315146 32,655.00 198447.00
5XXGT4L30KG315580 25,884.00 224331.00
5XXGU4L17KG317306 30,225.00 254556.00
5XXGW4L27KG320127 32,210.00 286766.00
5XXGW4L29KG320131 32,210.00 318976.00
5XXGU4L1XKG320393 30,601.00 349577.00
5XXGU4L17KG320643 27,240.00 376817.00
5XXGW4L21KG320799 32,210.00 32210.00
5XXGU4L18KG321994 27,240.00 59450.00
5XXGW4L25KG322281 0.00 59450.00
5XXGU4L19KG322927 30,182.00 89632.00
5XXGU4L11KG322985 30,182.00 119814.00
5XXGU4L13KG324382 30,182.00 149996.00
5XXGT4L32KG326113 24,039.00 174035.00
5XXGT4L37KG326687 24,039.00 198074.00
5XXGT4L39KG326688 24,039.00 222113.00
5XXGT4L33KG328145 25,380.00 247493.00
5XXGU4L15KG328210 27,701.00 275194.00
5XXGT4L38KG328285 23,567.00 298761.00
5XXGU4L15KG328286 30,643.00 329404.00
5XXGT4L35KG328521 25,380.00 354784.00
5XXGT4L35KG328552 25,380.00 380164.00
5XXGT4L3XKG328577 25,153.00 25153.00
5XXGT4L3XKG328773 25,153.00 50306.00
5XXGV4L2XKG329567 35,817.00 86123.00
5XXGT4L37KG330416 23,567.00 109690.00
KNDPM3AC7J7338274 24,048.00 133738.00
KNDPM3AC4J7346994 0.00 133738.00
KNDMC5C11J6378062 36,778.00 170516.00
KNDMC5C19J6379539 33,507.00 204023.00
5XYPG4A39JG381661 29,251.00 233274.00
5XYPG4A38JG390223 27,647.00 260921.00
KNDME5C13J6403652 0.00 260921.00
KNDMC5C14J6404265 0.00 260921.00
5XYPG4A31JG413437 30,636.00 291557.00
5XYPG4A39JG413590 31,003.00 31003.00
5XYPG4A37JG414060 26,498.00 57501.00
5XYPG4A3XJG414067 26,498.00 83999.00
5XYPG4A34JG426313 0.00 83999.00
5XYPG4A39JG427893 26,498.00 110497.00
5XYPK4A56KG450596 39,513.00 150010.00
5XYPH4A50KG453105 35,898.00 185908.00
5XYPK4A55KG453831 39,513.00 225421.00
5XYPK4A53KG456291 0.00 225421.00
5XYPK4A59KG463469 42,202.00 267623.00
5XYPH4A51KG467689 35,582.00 303205.00
5XYPK4A52KG469159 39,881.00 343086.00
5XYPH4A5XKG470607 35,567.00 378653.00
5XYPH4A55KG471468 39,121.00 417774.00
5XYPK4A5XKG472746 39,434.00 457208.00
5XYPK4A53KG474290 42,205.00 42205.00
5XYPK4A50KG474294 42,169.00 84374.00
5XYPH4A52KG474666 0.00 84374.00
5XYPH4A53KG477401 38,726.00 123100.00
5XYPH4A55KG478811 38,726.00 161826.00
5XYPK4A58KG478836 41,801.00 203627.00
5XYPK4A57KG479573 39,786.00 243413.00
5XYPG4A53KG480883 34,190.00 277603.00
KNDPM3AC1J7488154 24,664.00 302267.00
5XYPH4A53KG492349 38,726.00 340993.00
5XYPG4A53KG493276 31,842.00 372835.00
5XYPG4A52KG493852 31,842.00 404677.00
5XYPG4A53KG493892 0.00 404677.00
5XYPK4A50KG494349 42,569.00 447246.00
5XYPG4A59KG494691 0.00 0.00
5XYPG4A50KG495888 31,842.00 31842.00
5XYPG4A5XKG496577 32,209.00 64051.00
5XYPG4A53KG498347 33,822.00 97873.00
5XYPH4A51KG501095 39,093.00 136966.00
KNDPN3AC5K7506105 28,540.00 165506.00
5XYPH4A59KG506450 0.00 165506.00
5XYPK4A53KG507398 45,077.00 210583.00
5XYPH4A59KG507646 35,892.00 246475.00
KNDPN3AC0K7508814 26,955.00 273430.00
KNDPN3AC0K7510031 0.00 273430.00
KNDPN3AC2K7510063 28,251.00 301681.00
KNDPN3AC6K7510308 27,286.00 328967.00
KNDPN3AC0K7510479 28,251.00 357218.00
5XYPG4A35KG511453 28,412.00 385630.00
5XYPG4A35KG512134 28,124.00 28124.00
KNDMB5C10K6512502 35,049.00 63173.00
5XYPG4A3XKG512968 26,623.00 89796.00
5XYPG4A30KG514048 0.00 89796.00
KNDPN3AC4K7515992 0.00 89796.00
KNDPN3AC1K7516601 28,504.00 118300.00
5XYPH4A58KG523711 0.00 118300.00
5XYPG4A3XKG525414 0.00 118300.00
5XYPG4A32KG525441 29,921.00 148221.00
5XYPG4A38KG526433 0.00 148221.00
5XYPK4A53KG526808 39,513.00 187734.00
KNDPN3AC3K7527535 0.00 187734.00
5XYPH4A56KG527563 35,524.00 223258.00
KNDPN3AC7K7528316 28,540.00 251798.00
KNDPM3AC0K7531576 24,326.00 24326.00
5XYPH4A59KG532000 35,587.00 59913.00
5XYPH4A57KG532030 35,272.00 95185.00
5XYPH4A51KG534498 35,892.00 131077.00
5XYPG4A38KG534824 0.00 131077.00
5XYPK4A58KG534855 42,432.00 173509.00
5XYPH4A50KG537263 35,892.00 209401.00
5XYPG4A33KG537534 26,623.00 236024.00
5XYPK4A58KG538369 42,347.00 278371.00
5XYPG4A36KG538502 0.00 278371.00
5XYPG4A3XKG538857 0.00 278371.00
5XYPH4A58KG539326 35,524.00 313895.00
5XYPG4A36KG539567 29,921.00 343816.00
5XYPG4A34KG541172 30,251.00 374067.00
5XYPG4A36KG541450 27,777.00 401844.00
5XYPG4A3XKG542326 0.00 0.00
5XYPG4A36KG543215 0.00 0.00
5XYPH4A55KG543656 35,892.00 35892.00
5XYPG4A51KG544290 34,147.00 70039.00
KNDPN3AC6K7544393 28,214.00 98253.00
KNDPN3AC3K7544609 28,214.00 126467.00
5XYPG4A39KG545329 0.00 126467.00
5XYPG4A35KG545618 28,030.00 154497.00
KNDPN3AC6K7546368 31,248.00 185745.00
5XYPK4A55KG546462 42,205.00 227950.00
KNDPN3AC9K7546669 27,847.00 255797.00
KNDPN3AC7K7546847 27,847.00 283644.00
5XYPG4A32KG548119 28,030.00 311674.00
5XYPG4A35KG548275 28,030.00 339704.00
5XYPG4A35KG548292 28,030.00 28030.00
5XYPG4A37KG548326 28,030.00 56060.00
5XYPG4A32KG548637 30,288.00 86348.00
5XYPH4A57KG548664 35,892.00 122240.00
5XYPG4A31KG548919 0.00 122240.00
5XYPG4A35KG550866 28,030.00 150270.00
5XYPG4A37KG550870 28,030.00 178300.00
5XYPG4A34KG551006 28,030.00 206330.00
5XYPG4A30KG551035 28,030.00 234360.00
5XYPH4A50KG552121 35,524.00 269884.00
5XYPG4A33KG553104 28,030.00 297914.00
5XYPG4A35KG553105 28,030.00 325944.00
5XYPK4A54KG553631 39,838.00 365782.00
5XYPG4A30KG553738 28,030.00 393812.00
5XYPG4A34KG553791 0.00 393812.00
5XYPG4A30KG553853 30,288.00 30288.00
5XYPK4A56KG553856 42,205.00 72493.00
5XYPG4A34KG553953 26,608.00 99101.00
KNDPM3AC2K7554339 0.00 99101.00
KNDPM3AC6K7554344 0.00 99101.00
5XYPK4A53KG555547 44,107.00 143208.00
KNDPN3AC4K7559314 0.00 143208.00
KNDPM3AC4K7561258 24,411.00 167619.00
KNDPM3AC3K7562966 24,411.00 192030.00
KNDPM3AC8K7563076 24,411.00 216441.00
KNDPM3AC3K7566743 24,778.00 241219.00
KNDPR3A67K7579202 0.00 241219.00
KNDPM3AC7K7582900 0.00 241219.00
KNDPN3AC3K7587430 0.00 241219.00
KNDPN3AC4K7587467 31,443.00 31443.00
KNDPN3AC7K7587706 0.00 31443.00
KNDPN3AC3K7589789 28,908.00 60351.00
KNDPN3AC5K7591012 28,908.00 89259.00
KNDPM3ACXK7591882 24,368.00 113627.00
KNDPM3AC7K7592066 24,736.00 138363.00
KNDPM3AC1K7592094 24,368.00 162731.00
KNDPM3AC7K7592830 24,736.00 187467.00
KNDJP3A58K7644092 20,859.00 208326.00
KNDJP3A54K7644817 20,859.00 229185.00
KNDJP3A52K7645433 0.00 229185.00
KNDJP3A54K7647524 0.00 229185.00
KNDJP3A53K7650690 21,231.00 250416.00
KNDJP3A58K7654704 20,859.00 271275.00
KNDJP3A51K7655905 22,257.00 293532.00
KNDJP3A59K7655957 22,257.00 22257.00
KNDJP3A50K7655958 22,257.00 44514.00
KNDJP3A58K7656050 21,231.00 65745.00
KNDJP3A54K7656630 22,257.00 88002.00
KNDJP3A51K7657119 22,257.00 110259.00
KNDJP3A58K7660423 22,257.00 132516.00
KNDJP3A58K7661118 22,257.00 154773.00
KNDJP3A55K7663070 22,257.00 177030.00
KNDJP3A56K7667371 0.00 177030.00
KNDJP3A52K7667478 22,257.00 199287.00
KNDJN2A21K7669373 20,144.00 219431.00
KNDJP3A58K7671471 24,528.00 243959.00
KNDJN2A28K7672089 18,980.00 262939.00
KNDJX3AA5K7680481 23,264.00 286203.00
KNDJN2A20K7685323 18,912.00 18912.00
KNDJN2A23K7685803 0.00 18912.00
KNDJN2A26K7686282 20,144.00 39056.00
KNDJN2A2XK7686558 20,144.00 59200.00
KNDJN2A24K7689455 0.00 59200.00
KNDJN2A27K7690910 18,980.00 78180.00
KNDJN2A29K7691038 0.00 78180.00
KNDJN2A20K7691462 18,980.00 97160.00
KNDJN2A28K7693783 18,912.00 116072.00
KNDJN2A2XK7694353 20,144.00 136216.00
KNDJN2A25K7694907 20,144.00 156360.00
KNDJP3A56K7910516 20,859.00 177219.00
KNDJP3A52K7911789 22,257.00 199476.00
KNDJP3A56K7912301 20,859.00 220335.00
KNDJP3A58K7912302 22,257.00 242592.00
KNDJP3A59K7912308 22,257.00 22257.00
KNDJP3A52K7913266 0.00 22257.00
KNDJP3A52K7913381 0.00 22257.00
KNDJN2A20K7913854 18,980.00 41237.00
3KPFL4A72JE220477 19,772.00 61009.00
3KPFL4A71JE231051 19,772.00 80781.00
5XXGT4L34JG259772 23,786.00 104567.00
5XXGU4L38JG260677 25,475.00 130042.00
5XXGU4L32JG261534 27,962.00 158004.00
5XXGT4L36JG262981 24,355.00 182359.00
5XXGT4L30JG272261 23,786.00 206145.00
5XXGT4L36JG272524 23,786.00 229931.00
KNDMB5C14J6403894 0.00 0.00
KNDPN3AC4K7517760 27,286.00 27286.00
KNDPM3AC6K7554344 24,411.00 51697.00
